327.0000 578.0000 -66.0625 -16.1875 -270.2500 -413.0000 -547.0000 77.6875 272.0000 -107.9375 -643.0000 35.4062 -47.5000 -202.3750 -406.0000 82.6250
-86.8125 -169.7500 18.3281 4.4492 84.1250 109.8125 155.0000 -22.2812 -70.5000 32.6250 186.3750 -10.3438 13.1641 60.9062 109.3750 -23.9531
853.5000 1580.0000 -162.2500 -46.7188 -716.5000 -1082.0000 -1462.0000 215.3750 701.0000 -292.7500 -1779.0000 88.6250 -136.1250 -572.0000 -938.0000 218.1250
-499.2500 -903.5000 95.0625 28.6250 383.2500 616.0000 774.0000 -119.8125 -404.0000 168.7500 907.5000 -54.1250 76.4375 343.0000 572.0000 -128.6250
-143.6250 -246.8750 26.8594 7.3359 120.8125 169.5000 223.8750 -31.4531 -114.0000 48.1875 261.0000 -14.5156 21.1719 89.3125 165.7500 -34.6875
562.5000 918.5000 -109.6250 -28.4688 -463.0000 -734.0000 -954.5000 135.6250 433.0000 -178.2500 -1173.0000 56.0000 -84.2500 -345.5000 -654.0000 141.3750
140.2500 276.2500 -26.7344 -6.4453 -122.6875 -175.8750 -224.3750 33.9688 109.4375 -45.2812 -298.0000 14.3125 -20.3906 -88.8750 -173.8750 41.4688
350.0000 620.0000 -67.4375 -22.0625 -315.2500 -446.5000 -592.5000 95.2500 312.7500 -131.7500 -793.5000 42.7188 -65.1250 -249.8750 -400.7500 93.8750
-1232.0000 -2254.0000 232.6250 60.7812 998.5000 1410.0000 2013.0000 -287.5000 -949.0000 386.7500 2636.0000 -125.1875 175.8750 751.0000 1395.0000 -323.5000
1606.0000 2566.0000 -264.7500 -80.1875 -1298.0000 -1802.0000 -2472.0000 322.2500 1191.0000 -515.5000 -3098.0000 163.1250 -221.1250 -934.0000 -1614.0000 413.0000
112.0000 200.7500 -20.8125 -5.5508 -86.6875 -127.4375 -169.6250 24.0156 84.1250 -36.6875 -227.2500 12.5703 -15.1406 -73.2500 -117.3125 28.8594
-357.0000 -646.0000 71.3750 19.8125 276.5000 444.2500 619.0000 -95.4375 -289.0000 124.1875 732.0000 -37.3438 58.4062 232.5000 388.7500 -90.6875
-25.7188 -51.2188 5.2500 1.4453 23.7812 32.7812 43.4375 -6.5938 -22.7188 9.6016 55.4062 -2.8574 4.5039 17.7188 31.2812 -6.7539
-501.0000 -843.0000 96.6250 27.4531 399.0000 623.5000 796.0000 -111.0625 -387.2500 165.1250 1054.0000 -51.9688 77.0000 310.0000 567.0000 -132.5000
-283.7500 -446.0000 48.6250 13.1172 218.3750 323.7500 430.0000 -60.1875 -212.7500 81.7500 504.5000 -29.5938 40.2812 155.8750 315.2500 -60.5312
252.5000 406.7500 -47.2500 -11.5156 -205.8750 -306.0000 -380.2500 53.3750 192.3750 -80.8125 -488.7500 26.0469 -36.7500 -149.8750 -280.0000 63.0000
1259.0000 -1219.0000 18.5000 -891.0000 318.5000 -361.2500 930.0000 -547.0000 -563.5000 201.5000 375.2500 197.6250 -516.0000 -672.5000 162.8750 129.3750
1645.0000 -1772.0000 27.0625 -1258.0000 424.0000 -516.5000 1509.0000 -907.0000 -800.0000 296.2500 482.7500 252.7500 -711.5000 -851.0000 246.6250 188.3750
-309.7500 313.5000 -4.3867 233.1250 -66.3125 83.8125 -286.0000 146.8750 153.8750 -46.4688 -85.6250 -42.1562 120.0000 134.8750 -38.6562 -30.3281
312.7500 -382.5000 5.6836 -282.0000 91.5625 -116.5625 305.2500 -184.6250 -164.1250 64.6250 104.1250 56.0938 -163.8750 -186.6250 50.2812 37.9688
1059.0000 -1092.0000 15.9531 -838.0000 250.3750 -336.7500 960.0000 -561.5000 -489.5000 175.2500 306.5000 167.2500 -477.5000 -521.0000 140.7500 114.0000
-2488.0000 2692.0000 -40.0625 1881.0000 -628.5000 761.0000 -1999.0000 1313.0000 1172.0000 -431.2500 -731.5000 -430.2500 1131.0000 1286.0000 -374.7500 -263.0000
485.5000 -490.2500 7.5352 -393.0000 126.6875 -138.2500 456.0000 -254.3750 -228.5000 85.0625 147.3750 74.6875 -213.0000 -241.6250 69.5625 57.4688
-900.5000 1058.0000 -14.7109 741.5000 -229.0000 301.0000 -808.5000 479.0000 418.7500 -169.6250 -283.2500 -149.3750 414.7500 491.2500 -134.1250 -102.3125
-441.0000 450.0000 -7.1133 343.7500 -100.1250 143.7500 -398.5000 251.3750 198.6250 -74.0000 -130.8750 -67.4375 202.0000 234.3750 -63.8438 -43.3125
-741.5000 713.5000 -11.0625 551.0000 -174.1250 215.6250 -599.5000 369.2500 319.5000 -113.4375 -226.5000 -111.2500 313.0000 370.0000 -93.8125 -74.3125
285.0000 -289.5000 4.4531 -225.5000 72.5625 -89.8750 232.0000 -148.1250 -125.8750 42.2812 88.8125 45.6875 -126.5000 -155.1250 40.6562 31.5781
-986.0000 1003.0000 -16.0625 730.0000 -267.0000 292.0000 -906.5000 540.0000 457.5000 -157.7500 -296.5000 -150.0000 423.5000 535.0000 -130.7500 -109.1875
-92.0000 112.1250 -1.5977 76.5000 -22.6250 30.4688 -84.1875 49.8125 48.7188 -14.6641 -26.2188 -14.5391 41.6562 46.9688 -14.5703 -10.1953
-1108.0000 1147.0000 -18.2188 897.0000 -278.5000 343.5000 -1019.5000 614.5000 572.5000 -187.6250 -337.7500 -169.6250 489.7500 592.0000 -158.7500 -123.8125
-334.0000 374.7500 -5.7773 277.7500 -82.6250 102.5000 -296.2500 173.0000 173.8750 -57.2500 -96.4375 -52.5625 162.2500 175.7500 -53.7500 -34.9688
156.3750 -159.3750 2.4316 -117.2500 35.9062 -46.0625 134.3750 -78.6250 -75.1250 26.1562 39.5000 22.6406 -67.3750 -75.0625 21.1406 15.7891
-1424.0000 -1731.0000 617.0000 -1846.0000 -1082.0000 -303.5000 -524.0000 -2019.0000 465.7500 -1199.0000 -1689.0000 -2226.0000 1125.0000 1952.0000 -154.8750 -362.5000
158.8750 208.2500 -74.0000 213.7500 125.4375 35.2500 54.5312 240.7500 -51.8750 137.6250 189.0000 255.6250 -144.2500 -214.5000 18.1406 41.6250
-306.0000 -396.2500 149.6250 -371.5000 -245.0000 -70.8125 -110.1250 -430.2500 103.6875 -294.0000 -374.7500 -505.0000 241.0000 444.5000 -34.3125 -77.0625
842.5000 1031.0000 -388.0000 1050.0000 640.5000 177.6250 283.7500 1229.0000 -272.2500 804.5000 915.5000 1239.0000 -670.0000 -1039.0000 95.2500 203.8750
436.7500 545.0000 -187.7500 549.0000 346.7500 106.0625 161.8750 664.5000 -141.5000 394.7500 562.0000 635.0000 -332.0000 -587.0000 47.3750 91.1875
417.5000 577.5000 -206.2500 548.0000 348.2500 93.4375 157.3750 572.5000 -136.0000 405.7500 481.5000 654.0000 -334.7500 -572.0000 40.9375 105.5000
-45.1875 -49.9062 17.7188 -48.1875 -28.9844 -9.6484 -16.0156 -61.5938 13.5000 -38.6250 -46.0000 -68.3125 31.1250 58.3125 -4.5898 -11.0625
-289.2500 -352.5000 135.1250 -415.2500 -232.3750 -72.3125 -103.2500 -422.7500 109.5000 -303.0000 -356.2500 -467.0000 245.2500 390.2500 -29.7188 -69.6250
-507.2500 -585.5000 222.6250 -623.5000 -383.0000 -110.9375 -177.0000 -785.0000 163.8750 -457.2500 -559.5000 -730.0000 423.7500 681.5000 -52.7188 -119.7500
942.0000 1133.0000 -456.7500 1152.0000 668.5000 216.2500 339.5000 1451.0000 -333.2500 928.5000 1152.0000 1599.0000 -821.5000 -1330.0000 98.7500 232.5000
363.7500 476.2500 -166.1250 530.0000 306.0000 89.5000 134.1250 565.5000 -114.1250 357.5000 444.0000 553.0000 -318.7500 -488.0000 40.8438 92.7500
-902.0000 -1261.0000 492.2500 -1348.0000 -790.0000 -230.1250 -348.5000 -1338.0000 322.5000 -944.0000 -1220.0000 -1614.0000 719.0000 1240.0000 -106.3125 -253.2500
525.0000 688.0000 -230.0000 710.5000 410.2500 109.8750 183.2500 800.0000 -159.0000 455.2500 636.0000 697.5000 -407.5000 -684.5000 54.2500 125.8750
169.7500 216.2500 -80.3750 224.0000 131.8750 33.3750 64.6875 234.1250 -56.0625 145.1250 173.5000 282.5000 -151.2500 -243.0000 18.5000 42.2812
-707.0000 -867.5000 350.7500 -941.0000 -566.5000 -160.5000 -250.8750 -1050.0000 231.7500 -688.5000 -858.0000 -1084.0000 574.5000 968.0000 -77.1250 -183.2500
-3.8535 -5.5469 1.8604 -5.2734 -3.2930 -0.8560 -1.4434 -5.5664 1.2939 -3.5137 -4.9531 -6.0391 3.4434 5.6445 -0.4299 -1.0186
184.6250 -267.5000 -160.5000 -241.1250 -128.8750 46.5625 208.5000 -665.5000 70.7500 451.2500 155.3750 -124.5000 -511.2500 -363.5000 207.2500 409.2500
510.2500 -908.5000 -509.2500 -729.5000 -308.0000 157.7500 617.5000 -1947.0000 202.5000 1283.0000 500.7500 -370.7500 -1430.0000 -1026.0000 647.5000 1123.0000
-70.0625 107.6875 67.5625 99.8125 48.4688 -21.9062 -91.8125 277.0000 -30.2812 -182.6250 -70.4375 53.8125 214.6250 143.6250 -90.1250 -169.6250
796.5000 -1160.0000 -707.0000 -1034.0000 -462.0000 222.8750 902.0000 -2732.0000 308.5000 1618.0000 744.0000 -600.0000 -2154.0000 -1589.0000 1038.0000 1776.0000
67.8125 -98.0000 -60.6562 -91.5625 -41.7500 19.2031 81.1250 -250.8750 24.9375 138.8750 62.3125 -48.8438 -207.0000 -133.6250 80.0625 161.8750
180.6250 -274.5000 -166.7500 -234.6250 -116.1875 48.8438 196.7500 -692.5000 61.2812 394.0000 145.7500 -119.0000 -493.2500 -332.2500 203.7500 356.0000
515.0000 -758.5000 -440.0000 -677.5000 -309.0000 152.6250 601.0000 -1926.0000 192.7500 1178.0000 442.2500 -391.7500 -1454.0000 -1055.0000 621.0000 1156.0000
457.0000 -708.0000 -413.5000 -639.0000 -281.7500 120.3125 480.0000 -1742.0000 164.0000 958.0000 439.2500 -294.2500 -1270.0000 -822.0000 504.7500 988.5000
489.2500 -825.0000 -520.5000 -690.5000 -302.0000 139.6250 571.5000 -1853.0000 177.8750 1165.0000 479.7500 -377.7500 -1521.0000 -901.5000 634.5000 1096.0000
521.5000 -847.0000 -479.5000 -654.0000 -294.7500 152.0000 615.5000 -1932.0000 197.5000 1199.0000 489.7500 -365.2500 -1601.0000 -1026.0000 646.5000 1207.0000
-23.2188 39.3438 20.9062 35.5938 14.2812 -7.2031 -29.7500 85.8750 -9.1328 -49.9375 -22.0938 17.3750 76.5000 43.1250 -27.4531 -51.7500
-26.9375 41.0000 26.1250 40.4688 16.7812 -7.8945 -32.0000 102.5625 -10.9531 -58.3438 -25.3594 18.2031 71.9375 54.5000 -35.8750 -60.7812
287.0000 -466.7500 -288.0000 -386.2500 -201.6250 83.4375 326.5000 -1168.0000 103.7500 649.0000 248.7500 -207.2500 -834.0000 -604.5000 363.0000 632.0000
-170.8750 268.2500 162.5000 239.8750 105.8125 -52.7812 -207.6250 668.0000 -65.0625 -377.7500 -160.7500 136.3750 520.5000 343.2500 -233.3750 -380.2500
-1.6670 2.5840 1.5801 2.3105 1.0254 -0.5283 -1.8789 6.5508 -0.6558 -3.5723 -1.4736 1.2100 4.8828 3.2012 -2.1016 -3.7402
-628.0000 975.0000 550.5000 698.0000 373.0000 -160.6250 -591.0000 2196.0000 -233.8750 -1389.0000 -493.2500 396.7500 1714.0000 1227.0000 -695.5000 -1235.0000
