348.2500 297.0000 186.3750 -240.0000 105.5000 41.3125 -160.2500 180.0000 29.0625 -110.0625 94.4375 -16.4688 -18.9688 76.0000 8.5312 1.5244
3240.0000 2868.0000 1983.0000 -2586.0000 1056.0000 415.0000 -1503.0000 2198.0000 276.5000 -1329.0000 890.0000 -167.3750 -187.2500 931.0000 84.0625 16.2812
423.2500 369.7500 242.8750 -337.2500 132.2500 47.4062 -196.6250 261.5000 38.4375 -164.3750 116.9375 -24.2188 -26.8125 129.3750 12.7969 1.8848
124.0000 104.1250 67.7500 -97.5000 38.5938 14.0469 -49.6250 64.1250 10.0156 -42.6562 32.2812 -6.0312 -6.9961 31.4688 3.1426 0.5688
384.7500 342.7500 237.0000 -301.2500 119.2500 50.3438 -181.3750 256.7500 30.5312 -150.7500 106.3750 -19.0938 -22.3438 103.0000 9.9219 1.7334
4228.0000 3682.0000 2390.0000 -2946.0000 1315.0000 472.2500 -1829.0000 2356.0000 347.0000 -1577.0000 1053.0000 -217.6250 -221.7500 1047.0000 109.0625 18.8125
-785.0000 -684.0000 -472.7500 648.5000 -261.2500 -94.7500 360.2500 -477.2500 -70.1875 289.2500 -197.2500 39.6562 47.3125 -235.3750 -21.3594 -3.7988
255.1250 198.5000 130.2500 -164.8750 74.9375 26.5469 -101.9375 156.6250 20.5469 -92.4375 60.2188 -11.6328 -15.1406 75.7500 6.4141 1.0391
-2512.0000 -2258.0000 -1536.0000 2114.0000 -823.0000 -301.2500 1096.0000 -1751.0000 -231.1250 1009.0000 -688.0000 125.1875 169.8750 -876.5000 -66.4375 -12.1797
-1575.0000 -1329.0000 -898.0000 1271.0000 -494.0000 -182.7500 710.5000 -933.5000 -138.3750 614.5000 -388.7500 84.0625 93.3125 -472.2500 -41.3438 -7.3281
2156.0000 2164.0000 1448.0000 -1876.0000 701.5000 294.5000 -1113.0000 1454.0000 204.0000 -912.5000 665.0000 -137.1250 -147.3750 649.5000 63.0938 11.2734
-784.0000 -639.0000 -400.2500 598.0000 -229.1250 -92.5000 311.7500 -417.0000 -60.8750 300.0000 -186.6250 37.4062 47.3750 -225.1250 -18.2031 -3.3477
-488.0000 -464.0000 -262.7500 354.5000 -147.3750 -62.2188 210.6250 -281.0000 -40.0000 173.2500 -131.6250 21.5156 29.2188 -123.7500 -11.8984 -2.2734
-3410.0000 -2586.0000 -1936.0000 2524.0000 -1058.0000 -382.5000 1553.0000 -2076.0000 -285.0000 1225.0000 -808.5000 172.1250 192.2500 -1018.0000 -86.5000 -13.3906
-1354.0000 -1054.0000 -814.0000 1032.0000 -420.0000 -158.7500 599.5000 -733.0000 -118.5625 466.7500 -386.0000 67.0625 81.0625 -351.2500 -37.9688 -6.0781
-103.8750 -94.2500 -65.6875 86.3125 -30.8281 -11.4375 46.8125 -58.8125 -9.0156 34.5938 -29.4844 5.5000 6.0977 -28.9375 -2.9395 -0.4871
30.0312 -247.8750 374.5000 227.2500 -398.7500 -9.8203 -188.3750 162.5000 192.5000 -304.0000 227.6250 241.3750 -157.0000 -7.1719 188.2500 -105.8750
-137.2500 1202.0000 -1815.0000 -1137.0000 1688.0000 45.0312 889.5000 -824.0000 -918.5000 1557.0000 -1079.0000 -1120.0000 763.5000 35.7500 -940.5000 481.0000
106.4375 -967.5000 1169.0000 740.0000 -1204.0000 -35.2188 -655.0000 629.5000 692.5000 -1158.0000 787.5000 787.5000 -562.0000 -23.7344 698.5000 -345.5000
142.5000 -1301.0000 1664.0000 1111.0000 -1790.0000 -48.1875 -935.5000 802.0000 903.0000 -1491.0000 1043.0000 1062.0000 -716.5000 -32.5312 975.0000 -488.7500
39.7188 -368.0000 469.2500 321.0000 -496.5000 -12.8281 -254.8750 239.8750 260.2500 -425.5000 265.2500 323.5000 -222.7500 -9.1641 250.0000 -144.8750
41.2812 -334.7500 466.0000 266.5000 -507.7500 -14.5000 -257.7500 223.1250 262.0000 -411.2500 321.0000 349.2500 -202.5000 -9.9062 268.0000 -139.2500
6.4336 -58.5938 83.5000 52.3125 -82.2500 -2.0762 -37.6250 39.6562 40.3750 -69.2500 51.9688 49.1250 -35.9375 -1.6074 40.5938 -21.9531
21.0156 -177.0000 239.5000 161.3750 -268.7500 -6.5391 -134.5000 119.2500 132.3750 -239.2500 150.1250 157.6250 -112.3125 -4.7305 126.6875 -74.2500
27.6094 -248.6250 354.7500 257.2500 -385.0000 -9.6875 -182.5000 163.6250 194.7500 -303.7500 217.3750 209.5000 -159.2500 -6.6602 214.6250 -99.8750
-65.1875 571.0000 -821.5000 -474.7500 927.0000 21.7188 437.5000 -370.7500 -453.7500 738.0000 -514.5000 -478.2500 368.7500 17.0000 -409.2500 216.1250
-162.6250 1406.0000 -2022.0000 -1308.0000 2160.0000 53.2812 1074.0000 -908.0000 -1165.0000 1765.0000 -1159.0000 -1257.0000 905.5000 38.8750 -1050.0000 598.0000
-148.5000 1375.0000 -1784.0000 -1195.0000 1745.0000 44.3750 975.5000 -850.5000 -1066.0000 1580.0000 -1109.0000 -1146.0000 797.5000 36.4688 -996.0000 582.0000
-33.2188 275.7500 -409.5000 -243.8750 409.7500 11.3984 201.6250 -184.8750 -207.2500 344.0000 -242.8750 -257.7500 172.6250 7.4453 -223.5000 110.6875
8.5391 -68.5625 95.5000 62.4062 -111.6875 -2.7441 -58.0000 46.8750 63.6875 -86.9375 52.2188 66.1250 -46.0000 -1.9434 54.6875 -30.2656
-128.3750 1092.0000 -1641.0000 -963.5000 1545.0000 38.0938 837.0000 -716.5000 -794.0000 1392.0000 -936.0000 -948.5000 666.5000 31.8438 -860.0000 465.2500
69.3750 -622.5000 866.5000 524.0000 -919.0000 -23.2500 -434.5000 406.5000 468.5000 -680.0000 509.5000 521.5000 -381.5000 -16.6875 434.0000 -240.8750
849.0000 -194.6250 -153.5000 -107.6875 572.0000 -519.0000 571.5000 5.0586 670.0000 -361.0000 169.3750 -131.0000 633.0000 371.5000 -585.5000 985.0000
-3858.0000 856.0000 648.0000 445.5000 -2334.0000 1820.0000 -2426.0000 -20.1562 -3146.0000 1597.0000 -763.0000 679.5000 -2698.0000 -1642.0000 2466.0000 -4010.0000
2996.0000 -675.5000 -538.0000 -351.2500 1985.0000 -1633.0000 1762.0000 15.5312 2276.0000 -1144.0000 568.0000 -440.0000 2068.0000 1166.0000 -2029.0000 3432.0000
-1075.0000 238.2500 189.2500 141.1250 -758.0000 666.0000 -714.5000 -5.9023 -887.0000 478.5000 -217.3750 168.6250 -744.0000 -450.5000 718.5000 -1236.0000
2224.0000 -477.0000 -384.2500 -241.0000 1384.0000 -1256.0000 1459.0000 12.5859 1762.0000 -908.5000 418.5000 -326.5000 1616.0000 956.5000 -1551.0000 2414.0000
-460.2500 106.0625 81.3750 54.4375 -299.2500 246.8750 -293.7500 -2.5742 -344.5000 185.7500 -91.5625 71.2500 -333.2500 -207.3750 292.5000 -491.0000
-2694.0000 572.5000 446.7500 315.2500 -1649.0000 1433.0000 -1691.0000 -13.7969 -2176.0000 1093.0000 -499.0000 436.7500 -1860.0000 -1186.0000 1862.0000 -2960.0000
348.5000 -84.8125 -70.8125 -45.2188 272.5000 -215.7500 252.7500 2.1758 284.5000 -154.1250 76.8750 -57.3438 257.5000 148.6250 -274.7500 414.5000
-182.7500 41.9688 34.5625 23.2812 -118.0000 108.6875 -122.0000 -1.0820 -162.2500 85.5000 -36.9688 28.0312 -122.6875 -88.4375 130.6250 -190.6250
-2720.0000 601.5000 458.7500 321.0000 -1710.0000 1446.0000 -1636.0000 -15.1641 -2118.0000 1088.0000 -516.5000 451.7500 -1792.0000 -1098.0000 1749.0000 -2708.0000
1057.0000 -218.2500 -187.2500 -117.0625 616.5000 -523.0000 599.0000 5.9688 783.5000 -385.2500 181.5000 -154.1250 719.5000 408.7500 -736.5000 1060.0000
1246.0000 -296.7500 -227.0000 -159.8750 791.5000 -694.5000 790.0000 7.0664 1011.5000 -517.0000 271.5000 -206.1250 966.0000 551.5000 -837.0000 1334.0000
-367.7500 84.0000 62.6250 41.4688 -236.2500 184.5000 -238.2500 -2.0879 -293.5000 147.3750 -72.6250 62.0938 -256.7500 -150.8750 270.2500 -390.5000
637.5000 -143.2500 -120.3750 -79.1875 434.0000 -342.7500 419.7500 3.3574 529.5000 -254.1250 122.3750 -100.5625 443.0000 266.5000 -436.7500 695.0000
-1373.0000 313.7500 259.2500 166.7500 -900.5000 797.0000 -912.5000 -7.8203 -1127.0000 548.5000 -293.2500 222.0000 -1124.0000 -592.5000 877.0000 -1590.0000
1584.0000 -353.7500 -282.0000 -176.6250 1059.0000 -857.5000 1073.0000 8.3516 1232.0000 -677.0000 337.2500 -263.2500 1165.0000 704.0000 -1101.0000 1698.0000
-24.2188 185.7500 -141.0000 -182.5000 -120.4375 -23.7969 241.8750 8.1172 -6.9492 384.7500 -0.1685 -170.3750 43.0312 -20.6875 -41.7500 -42.9062
98.8125 -926.0000 643.5000 896.0000 631.5000 116.8750 -1104.0000 -36.5312 32.6875 -1615.0000 0.8188 796.5000 -193.3750 102.6875 225.3750 193.8750
-100.8125 786.5000 -589.0000 -836.5000 -589.5000 -104.8125 1023.0000 32.5000 -31.7812 1484.0000 -0.7593 -747.5000 178.8750 -95.6875 -202.8750 -181.8750
206.2500 -1516.0000 1225.0000 1628.0000 1175.0000 204.8750 -2246.0000 -68.6875 63.7812 -3024.0000 1.5957 1461.0000 -376.5000 195.5000 412.7500 376.7500
-55.9375 470.7500 -390.0000 -502.2500 -364.2500 -66.5000 673.5000 22.0781 -19.1719 905.5000 -0.4744 -465.5000 105.0000 -58.3438 -137.3750 -111.1250
-130.7500 1075.0000 -855.0000 -1106.0000 -775.0000 -142.3750 1436.0000 45.4375 -40.5312 2056.0000 -1.1074 -1046.0000 261.5000 -130.8750 -268.5000 -226.6250
-103.3750 854.0000 -704.5000 -833.5000 -559.5000 -122.3750 1118.0000 37.0625 -33.8125 1652.0000 -0.8574 -797.0000 202.5000 -94.6875 -235.6250 -186.2500
-65.0000 504.2500 -410.0000 -548.5000 -367.7500 -66.5625 708.5000 21.2344 -19.7656 983.0000 -0.5024 -491.7500 114.5000 -60.3438 -121.8125 -119.8750
-2.3125 19.0781 -15.5859 -17.5000 -12.4297 -2.4336 26.8750 0.8599 -0.7476 35.9375 -0.0182 -18.0000 4.4727 -2.0234 -5.1328 -4.0039
0.8535 -6.7109 5.3047 7.0703 5.0898 0.9307 -9.3125 -0.3076 0.2732 -12.7812 0.0066 6.6797 -1.6045 0.8438 1.9297 1.5166
78.0000 -647.0000 546.0000 722.0000 435.2500 93.4375 -837.5000 -29.3594 25.6719 -1319.0000 0.6753 654.0000 -164.0000 76.7500 193.3750 148.2500
101.3750 -773.5000 593.0000 788.5000 559.5000 101.5000 -1083.0000 -34.3125 30.2500 -1481.0000 0.7646 733.5000 -167.1250 96.1250 203.3750 176.1250
-24.9062 193.2500 -164.6250 -202.1250 -147.3750 -28.8594 271.7500 8.9219 -7.8359 358.2500 -0.1870 -187.5000 45.7188 -22.8125 -51.2188 -43.9375
170.2500 -1468.0000 1195.0000 1474.0000 1071.0000 192.0000 -2012.0000 -67.3125 54.7188 -2720.0000 1.3848 1493.0000 -328.5000 177.1250 384.7500 333.2500
115.5625 -991.0000 815.0000 1041.0000 747.5000 151.3750 -1289.0000 -42.7500 39.0000 -1957.0000 1.0439 976.5000 -256.2500 115.3750 293.5000 235.1250
9.0234 -68.7500 56.2188 68.7500 55.7500 9.5234 -95.9375 -3.0137 3.0605 -140.0000 0.0671 61.5312 -16.4375 7.8086 18.0469 15.6016
